age	Solar_radiation
1	1
2	0.998327417
3	0.996654833
4	0.99498225
5	0.993309667
6	0.991637084
7	0.9899645
8	0.988291917
9	0.986619334
10	0.98494675
11	0.983086428
12	0.981226106
13	0.979365784
14	0.977505461
15	0.975645139
16	0.973784817
17	0.971924495
18	0.970064173
19	0.96820385
20	0.966343528
21	0.964483206
22	0.962622884
23	0.960762561
24	0.958902239
25	0.957041917
26	0.955181595
27	0.953321273
28	0.95146095
29	0.949600628
30	0.947740306
31	0.945879984
32	0.944019661
33	0.942159339
34	0.940299017
35	0.938438695
36	0.936578372
37	0.93471805
38	0.932857728
39	0.930997406
40	0.929137084
41	0.927293829
42	0.925450573
43	0.923607318
44	0.921764063
45	0.919920808
46	0.918077553
47	0.916234298
48	0.914391043
49	0.912547788
50	0.910704533
51	0.908844211
52	0.906983889
53	0.905123566
54	0.903263244
55	0.901402922
56	0.8995426
57	0.897682277
58	0.895821955
59	0.893961633
60	0.892101311
61	0.890240989
62	0.888380666
63	0.886520344
64	0.884660022
65	0.8827997
66	0.880939377
67	0.879079055
68	0.877218733
69	0.875358411
70	0.873498088
71	0.871637766
72	0.869777444
73	0.867917122
74	0.8660568
75	0.864196477
76	0.862336155
77	0.860475833
78	0.858615511
79	0.856755188
80	0.854894866
81	0.853034544
82	0.851174222
83	0.8493139
84	0.847453577
85	0.845593255
86	0.843732933
87	0.841872611
88	0.840012288
89	0.838151966
90	0.836291644
91	0.834431322
92	0.832570999
93	0.830710677
94	0.828850355
95	0.826990033
96	0.825129711
97	0.823269388
98	0.821409066
99	0.819548744
100	0.817688422
101	0.815828099
102	0.813967777
103	0.812107455
104	0.810247133
105	0.80838681
106	0.806526488
107	0.804666166
108	0.802805844
109	0.800945522
110	0.799085199
111	0.797224877
112	0.795364555
113	0.793504233
114	0.79164391
115	0.789783588
116	0.787923266
117	0.786062944
118	0.784202622
119	0.782342299
120	0.780481977
121	0.778638722
122	0.776795467
123	0.774952212
124	0.773108957
125	0.771265702
126	0.769422447
127	0.767579192
128	0.765735937
129	0.763892682
130	0.762049427
131	0.760189104
132	0.758328782
133	0.75646846
134	0.754608138
135	0.752747815
136	0.750887493
137	0.749027171
138	0.747166849
139	0.745306526
140	0.743446204
141	0.741585882
142	0.73972556
143	0.737865238
144	0.736004915
145	0.734144593
146	0.732284271
147	0.730423949
148	0.728563626
149	0.726703304
150	0.724842982
151	0.72298266
152	0.721122338
153	0.719262015
154	0.717401693
155	0.715541371
156	0.713681049
157	0.711820726
158	0.709960404
159	0.708100082
160	0.70623976
161	0.704379437
162	0.702519115
163	0.700658793
164	0.698798471
165	0.696938149
166	0.695077826
167	0.693217504
168	0.691357182
169	0.68949686
170	0.687636537
171	0.685776215
172	0.683915893
173	0.682055571
174	0.680195248
175	0.678334926
176	0.676474604
177	0.674614282
178	0.67275396
179	0.670893637
180	0.669033315
181	0.667172993
182	0.665312671
183	0.663452348
184	0.661592026
185	0.659731704
186	0.657871382
187	0.65601106
188	0.654150737
189	0.652290415
190	0.650430093
191	0.648569771
192	0.646709448
193	0.644849126
194	0.642988804
195	0.641128482
196	0.639268159
197	0.637407837
198	0.635547515
199	0.633687193
200	0.631826871
201	0.629983616
202	0.62814036
203	0.626297105
204	0.62445385
205	0.622610595
206	0.62076734
207	0.618924085
208	0.61708083
209	0.615237575
210	0.61339432
211	0.611533998
212	0.609673676
213	0.607813353
214	0.605953031
215	0.604092709
216	0.602232387
217	0.600372064
218	0.598511742
219	0.59665142
220	0.594791098
221	0.592930776
222	0.591070453
223	0.589210131
224	0.587349809
225	0.585489487
226	0.583629164
227	0.581768842
228	0.57990852
229	0.578048198
230	0.576187875
231	0.574327553
232	0.572467231
233	0.570606909
234	0.568746587
235	0.566886264
236	0.565025942
237	0.56316562
238	0.561305298
239	0.559444975
240	0.557584653
241	0.555724331
242	0.553864009
243	0.552003687
244	0.550143364
245	0.548283042
246	0.54642272
247	0.544562398
248	0.542702075
249	0.540841753
250	0.538981431
251	0.537121109
252	0.535260786
253	0.533400464
254	0.531540142
255	0.52967982
256	0.527819498
257	0.525959175
258	0.524098853
259	0.522238531
260	0.520378209
261	0.518517886
262	0.516657564
263	0.514797242
264	0.51293692
265	0.511076597
266	0.509216275
267	0.507355953
268	0.505495631
269	0.503635309
270	0.501774986
271	0.499914664
272	0.498054342
273	0.49619402
274	0.494333697
275	0.492473375
276	0.490613053
277	0.488752731
278	0.486892409
279	0.485032086
280	0.483171764
281	0.481311442
282	0.47945112
283	0.477590797
284	0.475730475
285	0.473870153
286	0.472009831
287	0.470149508
288	0.468289186
289	0.466428864
290	0.464568542
291	0.462725287
292	0.460882032
293	0.459038777
294	0.457195522
295	0.455352267
296	0.453509011
297	0.451665756
298	0.449822501
299	0.447979246
300	0.446135991
301	0.444275669
302	0.442415347
303	0.440555025
304	0.438694702
305	0.43683438
306	0.434974058
307	0.433113736
308	0.431253413
309	0.429393091
310	0.427532769
311	0.425672447
312	0.423812125
313	0.421951802
314	0.42009148
315	0.418231158
316	0.416370836
317	0.414510513
318	0.412650191
319	0.410789869
320	0.408929547
321	0.407069224
322	0.405208902
323	0.40334858
324	0.401488258
325	0.399627936
326	0.397767613
327	0.395907291
328	0.394046969
329	0.392186647
330	0.390326324
331	0.388466002
332	0.38660568
333	0.384745358
334	0.382885035
335	0.381024713
336	0.379164391
337	0.377304069
338	0.375443747
339	0.373583424
340	0.371723102
341	0.36986278
342	0.368002458
343	0.366142135
344	0.364281813
345	0.362421491
346	0.360561169
347	0.358700847
348	0.356840524
349	0.354980202
350	0.35311988
351	0.351259558
352	0.349399235
353	0.347538913
354	0.345678591
355	0.343818269
356	0.341957946
357	0.340097624
358	0.338237302
359	0.33637698
360	0.334516658
361	0.332656335
362	0.330796013
363	0.328935691
364	0.327075369
365	0.325215046
366	0.323354724
367	0.321494402
368	0.31963408
369	0.317773758
370	0.315913435
371	0.31407018
372	0.312226925
373	0.31038367
374	0.308540415
375	0.30669716
376	0.304853905
377	0.30301065
378	0.301167395
379	0.29932414
380	0.297480885
381	0.295620563
382	0.29376024
383	0.291899918
384	0.290039596
385	0.288179274
386	0.286318951
387	0.284458629
388	0.282598307
389	0.280737985
390	0.278877662
391	0.27701734
392	0.275157018
393	0.273296696
394	0.271436374
395	0.269576051
396	0.267715729
397	0.265855407
398	0.263995085
399	0.262134762
400	0.26027444
401	0.258414118
402	0.256553796
403	0.254693474
404	0.252833151
405	0.250972829
406	0.249112507
407	0.247252185
408	0.245391862
409	0.24353154
410	0.241671218
411	0.239810896
412	0.237950573
413	0.236090251
414	0.234229929
415	0.232369607
416	0.230509285
417	0.228648962
418	0.22678864
419	0.224928318
420	0.223067996
421	0.221207673
422	0.219347351
423	0.217487029
424	0.215626707
425	0.213766384
426	0.211906062
427	0.21004574
428	0.208185418
429	0.206325096
430	0.204464773
431	0.202604451
432	0.200744129
433	0.198883807
434	0.197023484
435	0.195163162
436	0.19330284
437	0.191442518
438	0.189582196
439	0.187721873
440	0.185861551
441	0.184001229
442	0.182140907
443	0.180280584
444	0.178420262
445	0.17655994
446	0.174699618
447	0.172839295
448	0.170978973
449	0.169118651
450	0.167258329
451	0.165415074
452	0.163571819
453	0.161728564
454	0.159885309
455	0.158042054
456	0.156198798
457	0.154355543
458	0.152512288
459	0.150669033
460	0.148825778
461	0.146965456
462	0.145105134
463	0.143244812
464	0.141384489
465	0.139524167
466	0.137663845
467	0.135803523
468	0.1339432
469	0.132082878
470	0.130222556
471	0.128362234
472	0.126501912
473	0.124641589
474	0.122781267
475	0.120920945
476	0.119060623
477	0.1172003
478	0.115339978
479	0.113479656
480	0.111619334
481	0.109759011
482	0.107898689
483	0.106038367
484	0.104178045
485	0.102317723
486	0.1004574
487	0.098597078
488	0.096736756
489	0.094876434
490	0.093016111
491	0.091155789
492	0.089295467
493	0.087435145
494	0.085574823
495	0.0837145
496	0.081854178
497	0.079993856
498	0.078133534
499	0.076273211
500	0.074412889
501	0.072552567
502	0.070692245
503	0.068831922
504	0.0669716
505	0.065111278
506	0.063250956
507	0.061390634
508	0.059530311
509	0.057669989
510	0.055809667
511	0.053949345
512	0.052089022
513	0.0502287
514	0.048368378
515	0.046508056
516	0.044647733
517	0.042787411
518	0.040927089
519	0.039066767
520	0.037206445
521	0.035346122
522	0.0334858
523	0.031625478
524	0.029765156
525	0.027904833
526	0.026044511
527	0.024184189
528	0.022323867
529	0.020463545
530	0.018603222
531	0.0167429
532	0.014882578
533	0.013022256
534	0.011161933
535	0.009301611
536	0.007441289
537	0.005580967
538	0.003720644
539	0.001860322
540	0
